56.40180568
65.23353536
63.38629563
31.14236923
69.85063737
51.17252928
60.64923593
59.65620792
69.38475058
68.71328968
48.78934800
43.76718471
53.72304693
60.86115627
27.90290536
77.54819840
43.75337628
61.57044199
47.37782907
51.80388547
63.53835258
45.26134358
20.56791470
77.57309182
55.18684185
88.43164252
65.43494735
35.40224684
58.56768535
39.53334562
29.74292220
44.29017439
60.63943306
43.99197857
37.82312097
69.73509097
67.06098768
45.22786611
39.61989526
75.09069618
68.40459683
60.05070375
65.57915351
35.40246957
60.62538788
56.25708598
75.05921462
63.47053139
65.57830685
50.07062970
19.83801263
67.89696472
63.16989270
52.45641235
29.16927079
74.56910824
48.60143957
41.85317468
61.74157904
50.13558219
91.08886597
50.92353546
90.53566251
56.43318333
49.36387163
61.64059066
46.25624334
40.34663262
55.94233239
50.55613356
88.26482737
65.65539937
59.15227672
51.41946546
49.62356573
25.73950898
36.08723020
74.84417459
51.71610987
80.34150316
63.85749010
71.69138869
36.84556268
64.31065636
27.71302144
72.43284464
60.06698358
60.92282779
67.54258673
40.68693714
61.03271919
22.27770545
69.14538793
51.74161196
59.49412493
65.53611359
51.44596228
41.45645230
26.88416833
48.39123287
80.56631329
75.86729936
33.64048443
41.87275681
76.00462789
55.93289851
63.04974113
55.22598064
54.23079870
78.30935323
34.17407186
54.63680257
41.87010289
56.64509034
60.82619066
45.73389887
63.65707488
71.48369542
50.08192730
66.02808807
61.04466719
57.51825684
57.83983790
84.11699330
66.56419813
43.07480591
55.17174049
26.77491028
60.34764371
47.85040219
53.74985426
65.46507796
55.66662374
37.20497535
30.31997733
33.57229359
60.07471395
71.71878782
39.17868001
70.24391442
37.79370544
52.28285243
78.49655309
62.53297622
49.79916636
61.27740677
59.46622776
33.11622388
34.78287292
46.77428165
40.56821721
44.61823104
29.65081782
42.77254271
80.63610627
24.66079281
55.14966363
68.12833377
66.65961641
43.27926864
24.86443673
42.35432326
34.13114102
42.31993295
62.44450217
62.65584500
47.60210273
50.71968042
46.47295267
56.64306963
62.55826367
28.37564736
56.37559146
78.24544261
78.08122470
49.59747642
60.11412372
43.07725483
24.43764423
64.93793674
63.48449837
83.93069215
65.37053611
73.63388382
61.70240538
45.55978256
43.67379027
69.02241646
24.47655626
49.45344116
65.44378919
82.27160738
48.27576189
73.36218292
80.71562107
35.89088865
54.11294677
43.65592867
63.57912339
47.31753815
45.39952149
51.21830757
55.47561029
65.05565443
56.62876634
47.71538179
36.28815699
39.84618710
72.60427801
32.87495370
20.03003192
55.00083249
60.75098517
72.18343771
71.72725412
44.16871324
54.60948928
54.24433419
43.46522598
34.86860622
60.59869108
29.04585351
53.16254169
46.91358275
74.46556940
55.11513015
23.40228364
64.21782681
43.93618105
55.49816238
42.75867306
68.04613124
54.94044769
46.31706848
47.93671343
51.60961818
46.68876783
37.39124950
25.91204050
36.81630988
50.35249713
54.11712267
56.79115017
31.27146325
41.01155436
14.11590199
40.85872557
63.07270006
40.37815983
37.51786879
58.31567352
49.87141448
54.72820112
66.91860039
43.25918258
57.13728442
55.99540773
59.49410625
80.16693586
60.14849968
35.37281057
76.38640549
67.30103514
47.15259229
65.28753211
42.65717202
46.94097830
42.97034697
42.82634269
61.32025923
55.06870530
40.07834395
59.77742265
36.54962046
55.48695672
59.55652709
56.96796455
44.28362215
50.36637275
58.72042672
55.20993523
56.70588508
48.36510087
58.81878817
46.65498601
32.20384746
50.63756615
52.25779147
41.83454223
31.26343795
38.85062408
65.05843727
36.51435056
61.12340489
54.65303108
41.82866997
98.63826834
35.87503169
41.91256717
58.08311987
39.24805732
34.03532268
60.09176654
47.65771336
51.91810223
41.78985776
52.22102554
38.49003079
44.91470302
28.95887243
70.61233552
57.78101537
63.90657233
43.74821795
61.74708998
53.64496554
56.47579771
41.21393116
66.63101249
39.02392879
50.81451553
47.27201774
44.77979819
34.38714152
47.81616787
48.05701529
22.98759651
65.54742669
51.18499193
44.97707693
77.67497200
56.60244811
42.62278563
72.56291719
46.81592103
62.94851124
60.48955183
75.52809088
68.09763637
56.49141941
52.15308839
73.77773768
29.02502177
39.83772367
43.63243586
47.00697315
38.41655854
55.98951629
49.77973592
69.24660743
41.27544977
38.86567627
45.57910646
66.22881224
44.81255283
38.53408563
36.63876648
54.69243141
45.72867473
55.50397154
65.45984321
61.65062820
38.31791737
48.48688616
49.04551259
63.10550699
55.88331568
55.31805716
58.08101100
41.08996935
67.64475816
35.88305422
62.20777224
23.26800627
64.58550444
50.29988998
43.73684242
46.44391795
73.00301637
72.00814814
92.00711386
77.36662891
62.24167439
62.08847979
33.31127515
54.99492552
62.46997846
44.48291594
89.01327430
54.16562712
49.83857935
65.36789829
84.80697253
69.77462481
56.31920650
23.67472867
52.09964086
63.17139878
65.15628800
74.08580101
56.62943680
47.42925586
60.14598732
61.36186149
47.84496494
65.94722337
40.04851768
26.20678821
58.90272333
53.02880352
39.04810272
52.97446282
52.27153839
45.73541994
62.28070349
52.82492934
60.46460708
55.19799369
60.09370035
60.52335102
33.12110404
74.87806858
65.34240119
74.89526531
58.44787123
37.69800424
81.65563873
55.74430902
39.82489388
68.83717829
40.11743967
46.27231193
55.13007719
43.99283507
68.47135725
56.46832314
52.72610843
53.31733297
40.52765176
52.09339421
76.41287329
63.90940324
49.80888890
69.47098482
62.97640891
47.92239902
60.63164678
63.53217696
45.62203452
27.22152912
48.34638048
28.39714837
75.80538329
53.96351976
61.90267635
59.94807337
31.12466857
55.50316210
65.59588932
35.85897180
48.92268753
57.48083530
56.94571095
38.13724557
55.58917361
62.71650207
38.72108824
46.33391777
48.70207442
58.68241029
30.69170507
52.45456446
53.84826560
74.00565392
40.50724210
82.62201957
60.13684340
52.47529115
56.00385448
56.31093964
50.76577028
38.97946626
35.73040685
47.32367832
80.43993833
47.69895712
61.61335005
53.48551261
64.54069130
30.12865180
35.35261735
63.82988574
54.76443162
44.79207663
64.77999505
43.43272651
46.34458695
42.96200941
55.41809746
62.71418622
40.74554127
57.29907694
44.25605344
44.07144266
47.93141296
52.15890093
35.97279517
74.65269991
73.01995594
43.40476251
41.80515606
33.11370516
54.94762039
77.56828929
66.02195205
76.10995538
39.02579473
68.00965182
46.23926520
42.81045554
63.29423293
57.37469387
37.39720081
37.27322275
54.15533454
62.71274774
40.91994167
71.83497285
56.98479239
33.34240222
48.89013769
66.07714817
44.17595531
72.92764954
62.14711273
46.18876341
57.02596958
18.76512180
41.10049416
66.31168143
59.97995767
46.52962870
54.81506263
74.71266924
42.33260719
47.70828958
74.04779942
37.38659901
58.75851348
62.56808403
82.86182920
49.51654576
65.39276611
62.55296258
55.92056080
45.69961747
36.56781587
59.49610352
48.47208994
48.41307304
44.81082140
57.00682827
67.82620474
69.83641323
61.28134132
45.66545261
66.24935324
57.52966664
43.60290348
53.33689236
63.66052211
47.39603736
28.68925450
86.99642105
45.05928110
62.45558752
38.43488037
57.71498735
41.97800892
65.59414420
50.13547611
52.96817231
58.57952983
57.26771336
74.95425179
55.91357128
39.30390671
56.19865771
45.61033754
40.82921327
74.19939860
27.46641570
77.09712964
37.69644283
38.06261342
54.22968339
36.47566308
44.61868788
63.48008563
55.26794785
46.00493716
42.46193635
38.53127240
35.28899778
25.18475944
46.65300863
39.86542167
41.06098784
44.32355982
51.71321078
30.81255258
63.09676360
48.24165907
82.47655259
40.83826129
30.46076284
40.15925479
56.28584295
50.24741761
63.14076465
30.01140541
61.80776660
49.48186589
40.76649740
42.18501355
61.83407663
37.04808643
36.76513502
52.44903774
29.72766910
74.07028555
52.57342570
43.34179268
41.09915979
66.12193994
39.11607614
56.54606540
41.36251673
54.59067569
27.42545086
47.09132754
39.76078758
37.92477460
65.66719357
59.09317160
58.84252213
33.11605449
52.93584399
65.58798584
61.59087076
59.82743398
54.57499350
32.08180692
61.84965481
52.73949220
55.46289158
74.59553100
35.23671593
41.31435323
37.18901213
63.44928403
52.63161774
40.81878841
71.34836961
48.56688594
87.59314670
49.24514925
64.44757601
46.12486086
50.96032336
36.40573716
31.59496090
71.28472774
56.30545219
56.32746325
68.69301232
56.23010462
28.93502776
63.04235772
54.29517757
48.63100108
53.02413530
51.94257222
39.75732244
42.53359686
53.66763451
31.45787840
58.71130533
32.28957150
34.93804716
38.18638845
56.38193778
55.84093370
31.74813673
40.84544967
31.40110082
57.15974169
59.12906899
44.89214830
36.47666420
50.31179769
54.96584768
59.52523751
43.84362887
52.59735041
45.97366957
64.89272675
57.32169860
38.00807497
57.81529255
77.14124137
64.74857729
43.69418990
55.27564588
39.99454372
63.69783484
66.05905953
23.30967716
59.41464535
43.10211654
30.95979373
69.06239082
61.35993513
55.78537601
50.94594696
43.94847291
28.29188911
37.29738893
53.77614932
29.88175897
59.08201975
51.79956674
67.84919313
51.77026969
39.31468982
61.87167894
43.69406113
61.31185974
32.22868230
56.98310466
74.89241074
42.01643946
61.64083824
49.41764531
60.21503993
46.22362441
65.08394741
57.36970768
51.79001042
55.96717320
13.80915871
46.33559112
55.86361146
39.72566546
23.93104550
54.07979186
79.13297352
77.23353068
65.99461589
49.84623591
48.48750860
84.56341027
58.09232205
55.44363725
44.69049829
44.60796423
43.26080940
37.56581159
56.01308807
28.41805081
37.19106797
76.80417240
36.82358828
32.56067678
67.16781928
52.00049991
20.53865484
42.41069869
65.88079991
55.60392923
68.63595567
59.02272025
52.89734269
34.86229515
38.13288176
50.50185254
37.62339095
24.43122175
37.72658302
48.81597958
27.12391609
41.55094453
63.32456224
43.30497114
68.56106918
58.62665471
63.04138124
59.06874306
70.12805359
18.92766326
53.38552102
26.83405763
51.24976598
40.33977921
62.55075159
78.08906314
55.64344190
40.55034807
39.76515353
31.30762911
44.91128203
59.18549592
43.96244804
70.07802168
68.11072798
58.84548838
51.15930254
59.31734203
61.50237393
29.57001688
38.42950551
31.44796737
61.40311926
44.70221378
37.86131808
67.22371821
49.85855294
75.53002318
85.83263369
65.25524702
56.33611761
92.54222347
79.77636257
32.41577148
52.15583085
56.13960727
60.79989001
50.92131524
48.83349372
44.13022024
71.26544875
65.17480356
79.86468783
55.08355456
33.55657185
56.92355842
32.18921790
54.00665138
59.33420506
58.07405484
53.27506766
21.80912601
28.78121619
38.27419068
34.56002841
46.58530440
40.97604934
55.97362832
48.78063098
42.28283948
64.14642178
37.55129545
55.73975367
63.66168103
62.54832690
61.28779381
23.29053590
81.10047575
64.71767389
71.01386480
53.29889125
36.20215915
66.59861445
38.86569854
34.55545553
66.82892886
22.96120457
49.51351300
41.44903645
53.92081319
77.56702727
28.27961725
45.02960057
45.14830697
60.08171992
56.18664817
52.64483576
51.95151519
29.51995278
55.85871257
66.76627244
60.24404673
67.35462977
32.58616648
48.26058860
49.53084468
67.33623732
43.12496019
50.58432319
53.88818757
46.95867450
63.54194669
42.63655829
53.18116836
68.99382152
58.72619750
47.20233362
54.97949760
60.86605220
46.28128370
38.07606967
49.74821200
65.29375401
75.35453088
45.08924796
56.82194079
20.96939236
57.50363769
47.52577600
47.76660082
58.97407931
51.74236657
54.47485992
92.11756426
30.54874152
39.05526482
78.77689931
33.50058782
55.46878766
45.04816724
52.63727721
82.97650273
40.01321462
35.38860843
62.75029021
24.31334513
50.22552536
53.00108230
53.20227259
57.17438036
65.21139343
68.29322751
57.46605743
32.50595281
60.31414601
36.21448952
21.14670677
32.21341532
71.51123498
58.61614727
50.21651556
75.32302090
65.44518426
54.18175743
53.06333023
34.77517202
45.74996292
38.82044029
61.66266669
62.28737212
65.92961290
59.32160713
21.78956968
55.78281096
33.71563093
53.60932718
64.41003087
67.53742170
83.68737767
61.43308541
47.99848763
62.27581997
42.85823399
31.90399325
39.40928120
50.84798299
64.87121767
65.07988581
49.90788234
60.72454689
62.67255686
26.24941226
72.72658865
70.25184722
56.67343423
35.82696474
82.34950339
49.82089016
38.02394674
72.18034588
76.05829472
44.71153589
64.21817277
41.71135655
32.67489714
54.68393087
62.64952215
50.45812152
53.34878869
41.17311676
81.09888825
46.68673684
51.49779928
60.10650132
47.47395574
68.58386739
56.64916198
64.98720530
33.22457533
52.55055258
48.05796407
51.57215137
66.10994869
61.39214003
39.31725323
33.23375219
67.35746315
61.89808942
44.50434768
33.49875383
51.66057109
42.04872562
55.21567456
60.15219142
44.85035399
72.35491520
27.44110464
50.92019610
56.58432379
17.48117359
56.01359354
62.29212296
54.24708249
46.75209576
55.73311961
53.95706236
80.01924264
36.56781031
100.58474822
51.39844808
54.46920827
25.26598736
57.23289119
45.51700623
91.64990881
68.11310758
49.75586710
31.35383176
63.51107344
67.62615172
40.23621886
37.85122025
51.38569776
42.60613753
54.92518928
57.73539221
61.87035429
68.58060602
46.12917366
40.56126222
62.33768625
49.99488634
26.23979885
50.81891765
42.78752457
39.08988933
49.62414375
76.45473066
46.93408942
55.14703713
25.59421794
37.73524655
74.99677205
54.02484137
72.69142002
57.39257912
61.47317954
44.90794978
80.74956494
63.91400133
52.57079589
29.98412867
50.32013574
32.77431378
68.47935453
77.90032523
52.46714420
49.26127381
66.72191729
62.80102653
44.24245820
48.91702948
38.20737121
95.62174830
63.74298062
68.49023247
39.34925502
66.35349902
58.12510068
80.92246851
69.61696495
60.32139689
55.00458742
34.17119504
55.24333130
32.82767465
52.02878887
81.87234489
44.83840453
74.26315455
34.92327365
79.94290526
52.18971666
35.13126021
38.76919935
27.92033215
59.84462822
51.75334346
64.94823425
73.56129165
32.51733552
71.38011137
69.92947437
37.41773375
52.22821201
83.20981310
57.72889423
52.97890143
63.17744747
61.03975714
30.29801829
50.44882993
45.63679168
74.01750306
36.95850110
43.90426849
43.56524370
60.59821611
64.10940151
54.90658816
45.05673715
43.63611647
55.93950242
45.22904551
47.71695339
71.45351883
29.02972873
47.41846499
64.97809062
68.95686108
48.52776598
55.50027176
56.56130852
37.96322337
30.88577453
47.89137597
49.77722744
61.11317757
50.10194467
83.56861472
41.00387879
59.89702246
38.78292015
56.86928217
85.09983557
47.87391371
86.48821991
50.87060881
50.09309181
67.10301049
47.05564810
48.02210544
82.02703912
58.70611177
41.17596697
43.21047159
69.15844039
80.18314572
65.88895133
77.32537528
71.82011038
62.22401289
54.43647304
54.27360579
60.61439324
61.61792884
50.85453216
52.99012340
36.62584932
47.85315510
52.32060673
55.25938215
51.32493442
46.13106629
67.49166590
40.85298915
49.47109178
40.61788332
57.69880336
40.57697535
63.16631171
52.94914097
28.53798120
33.82121919
55.32483894
51.29806088
39.98129674
37.88311936
45.47698713
67.00556733
39.07318655
64.51219079
57.60496171
59.78242153
65.34876486
51.55404576
30.72774805
47.73745949
70.95074574
87.05707791
70.82161184
31.99434347
47.71868290
73.24544552
52.18268158
60.63661385
61.49426536
29.88069448
52.88306879
58.89554289
28.92988845
24.18143625
44.16695783
36.81404138
37.06965088
44.45579030
42.02387151
66.69214789
56.27119965
72.35353042
72.33127069
56.61854803
58.70890799
47.87362342
48.03782939
40.24248698
24.44275605
71.82630388
45.37890720
75.56071014
73.99747826
46.43308350
51.29977866
43.90045073
57.83852824
53.39772492
43.16266467
31.20730656
71.46647638
31.16959437
76.03363243
37.10230799
46.50592638
50.23906955
43.70438059
56.20715479
31.11796823
37.52055977
54.36374663
67.49459353
63.10874244
35.39253916
53.03529489
74.71722959
29.46223124
36.10327085
53.48306234
31.23713390
37.79217695
67.01683234
67.32140725
30.66914219
65.98654875
50.94960814
44.20074848
57.13894368
45.94773844
24.94273368
40.55555098
44.27042505
60.07419394
60.06605359
56.99315840
81.03143211
35.11873779
58.51441921
56.55920715
45.16911033
74.26355473
21.05126956
56.27845727
23.71522651
57.32971718
65.91289319
41.94826572
53.27459305
46.52257563
56.97341147
38.92180759
67.62803848
71.93260627
53.96096012
53.78414201
63.32638595
44.98893794
50.45275854
33.90186944
45.50451585
45.42404673
45.16893069
43.85403842
54.85410260
50.83000159
54.95787824
70.80061478
52.35665215
52.90810597
58.67824163
54.16481753
51.95584347
77.45533706
61.78219156
45.32608419
33.16605596
64.32233435
43.73894808
94.40807370
65.27702386
73.99210702
28.38275620
37.46702126
51.29854030
59.43797798
71.44591249
51.81372745
56.32102769
36.06865700
46.25901852
62.69635854
60.41740053
62.24239849
31.49869841
66.84457688
60.45543813
103.34868686
41.92247961
60.23177325
66.42619560
39.87626520
63.62932132
58.47918931
67.11043195
46.89496588
84.65618012
51.48736915
26.20861523
37.78545138
55.47026740
57.60817130
56.95721047
63.16701192
37.08354714
45.60051131
46.47115941
63.81030866
41.48312083
32.77939051
36.97205444
67.22204103
28.43949357
69.30191071
60.38157019
61.25315177
58.71425741
37.27869254
44.48919790
53.53223306
54.73288867
38.65694691
57.75539649
63.43821772
51.00426179
38.28035473
90.69263997
68.30675151
52.12880609
49.92828419
63.68267518
41.70502074
48.69094800
60.10178980
38.56408118
42.20488056
43.85583298
47.20678843
54.51611239
33.84443129
77.91882647
50.87183892
40.10305918
51.92335283
34.91031483
55.91290891
75.49201134
48.35470535
33.13374762
25.04623410
53.58266146
33.33755968
60.58760384
58.02485522
58.44643799
49.76325433
32.52806520
42.29886959
55.43045723
64.04147092
65.15944674
59.26659844
50.55281294
106.52940584
53.18491923
59.52965215
62.40328420
69.71081073
86.50272945
69.54960050
48.00320238
44.97190645
40.00623921
43.59955945
43.69854697
68.72379605
85.13399457
50.06878325
53.36948452
68.59931021
47.47157052
70.08759596
52.37695696
55.62149112
58.71277760
62.69424271
83.35710743
30.44256362
64.68133870
67.78847118
77.01509876
64.84687459
62.59507073
46.34664023
61.33967850
42.18174750
53.76688833
60.24547946
45.20882671
64.07693060
37.10823657
41.69348473
51.21014035
54.96305327
38.28189286
48.93712843
45.61534410
55.34302534
63.66447980
64.57992436
35.89686703
57.14045128
28.33372778
27.78155724
61.87801330
56.39673763
69.68611625
50.49192089
74.69906320
40.92227831
49.05468175
51.83846217
46.45629105
61.29386672
55.40229051
59.69922407
36.48772534
44.91190725
47.34636043
42.08983179
70.54026344
54.40723308
68.58814461
51.02296955
32.71836865
54.55649091
69.93401811
37.21454463
45.68459642
34.62480198
41.41401116
36.18880339
36.57223369
63.98139481
51.36032944
80.85426553
54.55441159
50.13663563
55.99874880
67.47013040
66.87857272
63.92063296
55.01667937
66.66166317
58.03306514
41.61214519
67.02427208
64.52020857
47.18570496
58.90937635
48.44158049
32.83747201
49.75268830
32.64273284
71.88289731
75.13574507
59.40680447
48.71471512
50.77000350
25.91261589
54.87461905
58.57165902
67.49926245
52.16476190
51.57007835
63.03488080
32.47164964
46.05286764
54.50072943
25.26961568
37.74794395
61.42444243
43.53702980
30.81836707
50.39247236
38.54379595
74.44054119
43.12991170
77.75568502
55.58992558
23.41850705
34.97504758
31.03610112
56.61804645
57.75840627
68.80042732
58.22080557
55.14539311
28.19314927
56.05167408
89.35589148
38.77553707
52.77307704
64.04055217
33.01309699
46.53157573
68.35752081
52.01724153
45.86789872
64.50725347
34.04965607
67.90329321
58.09878575
34.58423742
56.53535350
55.70868925
73.27820684
45.50633689
63.28837102
37.62821992
62.35423591
40.69257646
39.67663098
49.83393772
59.39622447
87.72833167
68.83195423
52.12166452
61.12173038
36.39122687
59.91347655
32.09088070
51.77194677
50.11841081
66.17403839
83.27164311
31.35942003
50.42085513
35.94048550
63.07979560
23.37550002
48.03789797
77.04924122
61.88102161
28.08490967
60.17427999
47.25093305
53.88746087
33.75730820
42.72723963
36.76440410
47.33734467
46.70989553
48.89480697
75.69986236
54.62629845
58.63998948
58.65982463
58.98394990
63.01824697
66.06065628
42.33629986
95.80263602
48.45701820
34.50785476
30.79775361
62.84807048
32.93304206
41.01082705
51.45090395
92.09909382
23.79146449
60.97017980
68.18576373
81.04327266
71.15770493
63.36096251
47.13983528
61.06518723
79.33840716
55.32467617
46.43960050
45.97033964
81.22318327
54.94362294
72.64841927
71.30506255
24.32793847
50.51460980
54.31829398
54.37812192
57.43613742
37.06182218
40.19320591
63.84970278
41.16067145
71.14081250
50.60215322
63.93200743
45.72553965
38.56556760
69.25599854
51.49893365
70.54378187
51.75477244
68.32256901
64.48141694
37.07138862
45.78283314
50.68677954
53.56355951
51.86729664
29.43356481
85.30093142
30.76560742
45.87765642
71.91611035
66.65640566
69.80977446
23.61621099
70.35994946
69.37236609
49.28780162
61.33363927
42.88469904
28.61171924
57.43272333
49.31903034
32.98178540
51.71243079
66.74255821
50.44034927
30.68905397
38.98460558
55.36791271
57.41521054
45.56454484
41.34558119
52.27634216
46.87388164
37.80727185
45.55469218
28.02627029
51.21366452
63.60914583
36.78052476
39.31282617
54.92901395
54.89981901
47.50275457
40.75097623
36.66970535
67.33991187
53.56484388
50.14473512
25.02779650
37.92995737
55.25154395
44.06751441
46.64116807
33.77754176
68.18703383
39.74933716
43.78082538
36.44713051
45.17468243
68.25361669
47.24973235
76.08043014
55.02035594
68.96534808
59.28167418
36.51646588
58.97038398
56.04384792
60.80643808
34.83217661
36.94600607
54.50613420
46.66718840
42.05664868
36.81566054
50.42994075
42.30612033
42.35608250
56.99296280
43.83687754
58.16391483
31.69786877
47.88950154
38.78276537
55.08665072
68.99416455
64.91115031
54.67044377
59.59985179
73.73266279
50.31087437
56.37443543
30.60651544
38.55318240
54.15577189
50.07334812
56.75817458
54.54671237
48.59536878
48.82241808
42.70922661
32.39752660
55.82234390
80.65469420
49.28075151
45.46350557
46.44137409
58.43401888
60.63748638
51.15601341
32.71533719
46.79999514
47.93053269
61.38461852
40.07111319
35.37084013
50.55672207
36.62762071
57.26259029
60.23002571
71.60427904
67.79291987
49.47783983
51.42782723
42.52789536
37.40027425
33.18031690
53.95675213
46.19388854
41.99297509
34.64588740
55.11809611
47.53593950
55.72656578
56.24728397
50.27789754
38.30859559
53.93184626
50.22727902
49.27955562
39.45029976
69.09409803
31.99301767
61.55269117
62.28065620
31.37651445
75.63122444
62.76103772
51.33180124
57.38830433
77.94801383
59.46683334
49.67613474
43.28213842
68.07274152
52.51911338
67.74448653
56.04584488
42.06774715
53.60425262
66.01768665
59.91842983
73.89977435
50.64641710
75.77563217
67.99782865
60.28523751
67.84629779
36.50860498
48.93091760
72.45195459
62.30695288
70.25809621
35.36441827
45.85584258
54.30500520
76.36456844
46.70846807
71.08243220
68.46855009
40.37018770
45.67683817
46.82816038
66.19204491
58.20033032
31.25929980
49.63597630
39.23461405
63.72467104
30.56646481
37.43213290
41.92848462
53.94740216
27.31929982
65.77117186
57.64000788
40.47529665
47.82807281
52.50810666
59.87170745
66.81279986
36.52363114
84.37290657
43.56942571
52.04110540
64.28241281
51.88712201
57.18496434
50.60976032
44.99370500
34.88990368
53.00517535
46.31697906
57.55953597
77.96732974
27.56699243
40.20806271
40.06384300
74.12023929
56.67009986
29.70279746
42.80046521
57.55054991
49.30399443
60.02038462
37.44265017
68.67797926
62.38010957
64.08844749
44.36125975
34.20468875
48.40972749
86.57449849
42.50648873
50.55672995
37.35918081
56.26139005
39.12024480
65.90138393
62.90492817
54.26181295
51.37186246
70.14105099
39.71176820
55.17816927
39.25711727
53.79658676
47.59797325
51.50512897
41.54563207
55.57712125
86.06592535
81.66644200
64.04293366
73.88058350
68.15123289
57.57011715
53.59489308
75.49459941
49.18936310
55.44917691
50.78704174
40.53998213
52.78959447
47.47678815
30.58755587
47.91103213
40.44895090
39.96457336
46.68532741
79.71164569
55.31428855
49.46045085
43.96778719
38.10404310
28.56144290
49.70365302
59.32909771
55.53709267
52.33065841
70.45748540
44.20466839
37.38351233
63.72183473
64.50410176
60.08320545
50.54971908
54.53454702
42.84380710
50.67157020
78.59382323
54.96817787
57.44805284
41.32069724
51.67737281
54.58306838
38.97425586
65.33648531
34.35010432
62.89911117
39.24836365
39.92058843
47.09516938
33.46649580
52.65729373
76.89225686
57.87329761
70.06843281
21.14563825
39.52095290
56.99347441
65.08140818
30.84717248
76.18868964
72.51819649
56.39749813
58.78152342
28.78380687
98.79426046
49.17981272
40.77408035
74.45433567
50.42390363
36.89206624
55.79218108
30.69429737
50.59366864
47.74379452
81.84156691
34.96373660
43.59383613
52.36787617
37.27392096
75.02608301
47.15335150
79.76306136
42.49848991
43.51503403
51.01552101
65.68288399
51.20444241
42.70856215
38.37466848
67.36595602
56.27374019
49.26687668
79.05770539
44.61172687
41.62834576
30.21331092
69.85501546
71.31565296
38.84871679
38.99521639
24.23920283
21.01861933
44.76915633
68.86634587
68.75410314
40.71760878
46.32152837
56.71462486
42.47770234
42.09475491
46.63151705
56.13451504
58.08648523
39.46979497
63.23800260
82.86979051
27.13197183
66.65639984
73.19572317
60.32194041
50.76556401
49.21410653
59.10217016
51.18462418
48.53172537
57.16361269
45.01425668
39.46632340
44.56463653
73.12531939
59.48546540
70.12189711
44.73208853
58.43617309
79.90000260
45.98368892
38.68713072
57.03951715
46.71220733
63.03285133
83.19957241
26.10442255
58.87597481
81.38244038
53.26131306
49.98383785
52.05398374
30.33759392
47.30424038
72.48718415
25.28703052
73.61578025
31.45869620
57.63102847
37.46283050
62.96550666
18.32362138
90.21016382
67.73292377
46.52525322
57.61779707
67.75858881
53.36273089
64.62404767
49.53415304
45.39814372
32.45346752
51.31115428
55.04056061
37.61582696
52.50813787
68.24253555
60.76219613
38.56482604
39.15661948
68.02475045
28.84471978
34.68016899
35.83029209
39.83535442
49.16196599
32.26137181
69.05201645
56.18437034
65.28330116
63.56663247
47.30489930
62.74026244
74.83819914
33.33885226
42.96839796
58.83236811
74.27118250
36.59804071
45.56071354
37.11260279
43.66157032
59.46476154
47.12275640
61.50091181
48.11934673
34.59427562
40.43228638
34.38884605
63.84437251
26.86910061
72.55662165
82.73710655
71.36523554
47.62395830
58.13885175
50.53096383
68.06375603
85.54031091
76.59041085
55.53088905
62.71634244
57.03690459
52.03222212
60.96489768
61.42884499
47.13059654
66.46584616
42.67068762
22.69459391
73.30522366
39.91976004
55.52976627
57.84210362
61.59375313
78.12445555
31.83182994
41.83743152
64.99691969
51.87255814
77.28750716
33.91485075
62.27986182
34.45239087
56.93760415
50.58093336
50.31253207
42.03188349
51.46854346
37.17430164
60.50850142
54.35396794
61.41907718
36.60224276
59.53276387
46.41211744
25.52748442
55.21855049
56.40970224
45.49237767
66.08920407
63.65367070
64.88788387
47.61104882
57.63302878
38.94160452
66.98908556
64.61337736
68.41296589
36.47367965
48.47491287
79.06696683
40.35638148
26.72386035
63.55407319
53.67636646
31.39681803
21.40564374
61.71470896
63.57877068
38.28837328
26.66590301
69.35192223
65.05331890
55.06571516
48.92488551
75.88496821
71.18772079
68.39922549
61.06022930
36.80634711
36.61963934
51.39224245
61.29947014
51.69754731
38.51491385
26.69042647
40.47542384
56.35439349
44.79968899
48.77094094
69.31948040
58.53826565
80.97509077
68.89750506
63.03396331
60.06239196
33.57186236
48.00401203
56.30501715
50.87184827
39.83070775
53.92599410
74.93389918
67.44075922
71.37398598
54.19933608
84.40045574
63.70017302
44.87756249
37.04801464
29.19816437
57.59216791
42.80578976
64.19080010
32.03341512
29.17765656
49.43053399
64.95641285
28.02207571
74.56381634
60.75815177
44.78534114
61.22463100
44.76224377
58.82761038
76.59474291
38.98232769
43.05535882
40.12666186
43.56222301
61.40523457
45.44961995
54.85400071
54.06901435
64.16585154
41.24196513
88.37245933
58.92263877
54.62007264
25.36347800
55.50948909
53.75617384
49.59889714
61.06007948
38.04009095
49.37891547
67.95660577
47.83350359
44.38027817
49.13143399
28.42319325
51.72905847
62.03853303
64.75391255
71.49534830
30.32314115
41.05045943
38.82171621
51.91224229
67.78251453
36.90183632
78.74262568
90.98192721
62.61362058
31.85705199
26.28661589
38.38394395
45.65105021
44.97447908
67.81993674
36.39086707
60.21415538
48.20632655
74.66173407
56.28678613
59.09109860
60.34176059
32.03925702
40.05286862
81.37999503
31.92257094
66.57931316
59.80846073
63.40581084
41.18696008
51.76441289
59.23960684
39.26772896
63.55211995
67.93438695
32.29814753
50.27193136
39.45709915
56.60248926
51.26160992
40.98572893
67.71683453
66.13006920
39.94677372
61.68486126
50.84874780
38.16656125
53.27280135
25.71116202
34.28880488
45.93110270
48.38693571
58.26025230
39.07963920
49.01597181
44.34371542
48.14034918
61.25122726
34.17838401
42.43201829
55.12246872
39.44155003
93.96632496
66.89329247
60.29802680
69.30028733
72.89864111
46.94306437
35.35439292
57.90111696
51.08487728
39.96650038
65.12214632
40.99929985
62.97974565
41.00620625
74.64136542
32.61551944
52.57147267
54.76180863
55.84842963
58.85882350
27.72760426
69.57512513
75.81609936
65.05423262
52.83395449
70.63314785
83.77433600
67.75189865
54.55260964
70.96050919
70.63581169
53.90224936
65.91345845
76.56896491
49.71552346
70.48299610
55.58538900
55.69937984
69.45378268
30.28621670
41.93590285
71.91175407
50.62760648
51.31687069
53.54444643
56.73601304
29.67064900
59.88118177
35.10607858
37.96954937
57.91692250
39.81617384
46.33844725
55.91653968
59.50484613
53.00901497
48.77367612
46.51259218
63.00333319
24.37090386
38.40435757
60.72860541
25.80878165
69.21246680
63.16959215
52.92919393
91.00311680
50.12761698
38.70432114
61.66678315
40.46448511
63.31850493
77.02925423
50.76998429
55.12368947
60.95838728
50.95252676
77.48407893
63.79094455
50.73092588
65.05281568
64.36673315
77.73051811
41.88899099
40.41287489
45.99733945
31.36761460
59.18753117
58.14228259
38.81980597
49.41551662
27.33622985
39.19171563
51.28636227
41.07619197
60.90375129
46.50197660
75.85433327
68.45260452
32.59438907
66.67777390
58.91971448
46.98695917
54.65996838
44.03094503
41.09004914
59.55028710
45.87196775
77.56542755
54.85740005
52.89539628
73.67021638
64.30595435
58.93262838
62.55993624
43.95443389
58.36127111
58.17778498
46.12985777
37.52463969
40.06225037
37.96923111
48.91913009
60.44030400
56.32296455
40.45669682
62.14477745
56.19478692
37.70727218
65.10952444
30.20165619
48.66007942
65.09747148
51.56220479
53.72881764
37.88098961
75.84960687
68.53117066
78.03259056
61.70700666
34.16392034
55.78716900
55.48842200
56.46804541
71.42088837
41.30362583
56.11784769
70.92329943
68.03097723
56.14270179
72.07198831
21.00035587
36.24305085
53.45627627
65.16018205
78.71591385
59.20275036
46.06021372
24.69817941
91.51054449
51.06908730
52.72186061
51.94381219
59.50765435
70.45130328
60.87630038
33.92903404
68.55338331
44.76608424
47.70497669
36.27976507
26.61352755
62.71344928
79.51980513
84.10141695
39.95320863
68.58525474
43.10553612
61.05624506
58.24194321
49.63462228
50.63330545
63.09532938
74.27678259
32.72072116
35.46935993
43.85823299
56.07048032
33.46813865
36.52801043
37.93968664
47.97603957
83.68099759
55.82878276
49.34537516
72.61406061
58.01530053
47.80947979
39.73232475
57.80774943
45.80278484
51.78819763
48.18899490
50.54076334
59.07680291
58.55380021
46.37699121
63.08018844
81.28762074
45.59657938
84.50940782
46.44076517
96.35922227
38.57628353
43.83954423
61.65889189
60.44927049
68.42900774
58.63966604
90.83715526
64.49766105
36.09004545
54.85652518
32.97524692
56.00498284
60.80244295
54.98836813
65.81742774
58.44037420
62.71544412
68.53293847
66.61807114
52.26080712
46.42585550
61.33149399
48.77519240
85.38373631
60.06496041
50.78962470
29.48203070
29.55876187
66.11506998
44.42502491
65.80419869
50.24613052
37.23237719
48.09323333
54.92833254
51.61236504
52.59921080
49.18817960
74.75038523
49.19352495
51.46890573
30.12816317
99.94612469
22.94891681
59.92810497
58.09812037
61.40538074
57.27130936
36.43145555
63.75277378
37.20157794
50.30385885
34.62356460
41.27939140
46.61189764
38.14707926
72.79018167
66.50130209
57.23356198
57.34303638
56.56561432
75.42917177
40.36937396
60.40454219
47.32529541
28.10106838
41.18301250
52.99627762
51.33949566
41.66290469
55.23757891
43.18567176
44.32132511
50.41473044
60.72965425
70.25482791
48.36760785
67.70418068
47.24584209
62.74022662
51.36368766
37.89519873
46.17841872
62.19502496
96.45780244
76.24097860
65.80336952
29.85589734
41.54924941
47.53213270
56.07392096
33.02868248
21.92193149
56.32210763
42.79574288
43.01353317
44.74149003
62.68633126
61.44811469
55.81539883
51.25837617
67.64225293
70.02238133
45.55882691
42.44791790
36.26891905
56.22872889
52.80861041
32.00855319
48.69936018
41.95704163
35.56670531
50.51219260
59.30752364
70.12619878
67.59273390
40.45847053
55.96728961
68.70653939
76.39548481
19.00062955
34.27946320
58.04285978
64.13968768
57.34619600
31.03873463
76.72615663
54.76373479
39.89248299
57.18160955
56.33771427
37.29620402
57.78026732
52.56767039
58.24522865
43.27069321
43.68022297
42.44566723
31.27986981
56.84329697
59.12410804
44.18069431
31.38545002
34.57712128
54.49795220
50.25659437
34.98594320
53.43387786
59.47681785
52.36883298
26.86663139
82.96504914
51.39020149
54.17102007
68.17827827
43.39534570
58.65402495
35.05965346
46.59265951
48.90159001
51.20355656
35.98804784
45.28477049
62.08664870
51.30429980
44.28198385
45.05087939
41.55297164
34.28084614
51.61542487
52.07994229
61.82301619
54.33880312
52.23853323
31.25449703
45.28866010
63.01019194
53.56278473
42.00688718
54.51117451
62.90469409
59.18673320
54.57522876
22.28142352
39.94553989
49.37946953
81.13787519
67.52217016
38.05721324
52.07749310
81.05102660
67.01351701
53.95237376
36.30944897
41.42328892
39.34310283
18.13186596
61.62155270
67.60653706
34.67679043
67.86162278
65.26154068
60.36909699
65.97664576
48.54300610
36.12800804
53.46295447
37.73979753
44.63722783
51.30069534
72.33589130
67.95546560
43.11587592
42.10557313
54.49758541
53.31712015
36.93040640
37.16099220
42.93955648
45.48416040
63.53459118
55.37685964
87.54922896
41.99715701
34.32805565
57.34284838
40.93512933
63.90339271
47.35731764
43.02501950
64.24323684
58.30782938
73.37376942
56.24320629
30.93571646
60.41680832
47.51789224
69.20764194
48.68081620
45.65156966
68.08996535
90.84383672
42.36443284
56.85844248
41.50705199
44.06371125
55.38438414
25.56929105
46.78132695
58.58380713
52.11347908
67.80155986
71.17629272
35.27682600
38.78769952
27.33584005
61.52627090
56.45208799
66.60525361
14.89577186
68.27167747
59.40623604
40.07913723
39.32207184
36.70997088
41.18817026
101.09026509
53.44503428
61.88307827
38.23990842
49.32418213
71.20782167
70.20729934
49.42764182
45.11468307
54.35038855
58.03830828
19.65335140
54.22666323
91.71788804
40.07871185
41.04212595
59.94194551
42.52990012
74.90839890
64.13911045
59.17752380
46.23910839
64.38755250
61.76141661
38.63638874
75.68504421
61.45089685
79.17575005
44.86731422
54.03525372
48.98567706
46.43198925
48.31890892
56.30484233
52.79797707
87.98003248
64.48869783
56.50562204
85.60342657
60.59353999
41.34067096
52.36863335
30.15682895
74.03842904
29.51878397
36.11576378
50.64156087
52.44627294
33.45551987
88.12313629
56.61370978
39.32111798
24.42544785
54.95719957
69.68970458
79.24251228
43.35611756
64.31954035
78.32752296
46.99201764
49.15327318
76.06709259
33.91549771
30.76957439
57.93744288
41.90844107
47.88220504
37.87983627
43.11362318
47.76130518
64.38595385
35.43828546
42.04408250
55.28804728
62.80145011
36.08243718
30.17966556
49.13806878
64.00915984
84.72907370
71.29251394
38.30928960
67.49782679
47.42623227
44.64080434
60.55419641
64.01017215
76.48419118
33.87353775
50.12316644
17.34969720
59.69473089
31.55905783
63.03374082
71.02865209
60.91952913
55.04897888
49.79740749
80.64066381
64.15637393
64.53367320
21.47501528
63.49250935
69.06038322
62.90290976
50.38062951
45.86573235
55.13431438
47.41086043
76.47913386
73.19925664
26.33682819
33.83090524
51.20468026
57.32379396
34.76420192
51.42175707
33.30994297
68.73925566
33.11177880
40.63118668
46.22418518
70.74506417
64.14341926
38.65762530
39.17354736
54.46727791
48.94231091
79.98935559
47.30650515
37.93529431
65.84037649
65.05283821
60.99763547
49.08550437
48.02808653
35.01862947
41.44050143
54.75338709
87.99788921
72.57732507
48.41798939
56.27459583
33.18527023
39.21917524
83.65134321
48.08212053
34.33123620
40.85639083
60.58138460
57.22455299
44.64149844
64.91746123
75.80576489
35.05035207
61.67037508
55.49496819
64.28954663
47.48338181
54.07402992
41.21511503
53.05278719
56.97281100
80.41390791
66.02228356
48.43629071
41.30524667
49.75977667
55.74479627
55.53275292
